3322
4216
4217
4230
4299
4334
4351
4405
4413
4475
4491
4493
4514
4516
4540
4621
4623
4663
4697
4879
4900
4927
4979
4984
4991
5012
5065
5072
5100
5117
5142
5145
5178
5180
5187
5201
5210
5213
5242
5276
5301
5308
5366
5465
5466
5467
5566
5598
5608
5654
5669
5713
5801
5833
5851
5875
5880
5882
5900
5903
5928
5937
5939
5947
5948
5949
5950
5956
5961
5963
6002
6005
6029
6045
6072
6121
6173
6175
6201
6226
6247
6248
6265
6282
6284
6286
6299
6300
6301
6317
6321
6333
6343
6356
6374
6407
6447
6459
6480
6482
6506
6527
6529
6530
6536
6564
6624
6645
6716
6726
6731
6751
6752
6753
6760
6761
6763
6766
6771
6776
6786
6797
6801
6803
6804
6805
6806
6809
6820
6841
6844
6858
6876
6884
6885
6888
6910
6915
6919
6923
6925
6926
6929
6942
6943
6945
6962
6980
6981
6986
6988
6995
7000
7009
7011
7012
7014
7035
7058
7061
7063
7075
7085
7087
7089
7093
7097
7099
7101
7102
7103
7108
7112
7116
7117
7121
7122
7147
7150
7151
7167
7170
7178
7180
7181
7182
7184
7220
7223
7224
7228
7229
7243
7256
7257
7259
7260
7261
7262
7266
7268
7269
7271
7282
7285
7287
7288
7291
7297
7298
7301
7302
7313
7314
7322
7324
7327
7349
7350
7351
7362
7364
7365
7366
7377
7382
7383
7386
7396
7399
7400
7419
10006
10008
10011
10013
10022
10027
10030
10031
10032
10033
10034
10035
10036
10037
10038
10039
10040
10041
10042
10044
10046
10049
10055
10056
10058
10059
10060
10061
10066
10067
10068
10069
10070
10071
10072
10073
10074
10075
10077
10079
10080
10081
10082
10083
10084
10086
10087
10088
10090
10091
10092
10093
10094
10097
10098
10099
10100
10102
10104
10105
10106
10107
10108
10109
10111
10112
10113
10118
10120
10121
10122
10123
10124
10125
10126
10128
10129
10130
10131
10137
10138
10141
10143
10144
10145
10146
10147
10148
10150
10160
10161
10162
10164
10165
10193
10194
10195
10200
10211
10212
10213
10214
10215
10240
10242
10245
10246
10247
10249
10250
10252
10253
10254
10255
10257
10258
10259
10260
10261
10262
10264
10265
10266
10267
10268
10270
10271
10273
10274
10275
10277
10278
10280
10282
10283
10284
10285
10287
10289
10290
10291
10292
10293
10295
10297
10299
10300
10301
10302
10306
10312
10313
10316
10317
10320
10322
10323
10327
10328
10329
10330
10331
10332
10333
10334
10335
10336
10337
11009
11018
11019
11029
11030
11031
11033
11038
11040
11041
11042
11049
11055
11060
11062
11064
11065
11073
11075
11076
11080
11081
11082
11083
11084
11085
11086
11088
11090
11091
11094
11095
11096
11098
11100
11105
11106
11107
11111
11112
11113
11114
11116
11117
11118
11119
11120
11121
11123
11125
11126
11127
11128
11129
11130
11133
11135
11137
11138
11139
11140
11142
11143
11144
11145
11146
11147
11148
11150
11151
11153
11155
11156
11157
11158
11161
11163
11164
11175
11179
11181
11182
11183
11185
11186
11187
11188
11190
11192
11194
11195
11196
11197
11198
11200
11201
11203
11205
11206
11208
11210
11211
11212
11213
11214
11216
11218
11221
11222
11223
11224
11226
11227
11228
11229
11230
11231
11232
11233
11235
11236
11237
11245
11247
11248
11251
11252
11253
11254
11256
11258
11260
11261
11262
11263
11264
11265
11266
11267
11268
11271
11272
11274
11275
11276
11277
11278
11279
11280
11281
11282
11283
11284
11287
11288
11289
11291
11292
11293
11294
11295
11296
11297
11299
11301
11302
11303
11304
11305
11306
11307
11309
11310
11311
11312
11313
11315
11316
11317
11318
11319
11320
11322
11325
11327
11329
11330
11331
11333
11334
11335
11336
11337
11339
11341
11342
11343
11344
11347
11348
11349
11352
11353
11354
11356
11363
11366
11367
11368
11377
11379
11417
11420
11423
11424
11426
11440
11443
11451
11456
11457
11463
11468
11469
11471
11473
11486
11487
11488
11491
11499
11505
11507
11508
11525
11529
11531
11562
11563
11569
11570
11573
11574
11578
11580
11583
11594
11595
11596
11599
11604
11605
11606
12019
15000
15001
15007
15008
15009
15010
15011
15016
15021
15023
15028
15032
15038
15046
15059
15060
15063
15072
15085
15086
15089
15090
15094
15098
15099
15105
15110
15120
15125
15127
15133
15134
15142
15153
15154
15158
15161
15166
15168
15173
15174
15189
15190
15192
15197
15206
15208
15210
15211
15215
15217
15218
15240
15242
15246
15252
15256
15265
15268
15269
15270
15271
15275
15281
15288
15290
15295
15306
15313
15314
15315
15320
15322
15325
15327
15329
15332
15344
15349
15350
15351
15352
15353
15354
15358
15364
15373
15377
15381
15394
15399
15407
15411
15415
15418
15419
15423
15431
15433
15437
15442
15444
15449
15451
15456
15457
15458
15462
15465
15466
15469
15471
15475
15477
15478
15485
15487
15488
15490
15491
15504
15511
15520
15524
15529
15530
15536
15543
15547
15559
15562
15566
15574
15575
15576
15578
15579
15584
15591
15592
15593
15604
15605
15607
15608
15609
15611
15615
15616
15617
15618
15622
15624
15633
15634
15635
15636
15637
15642
15663
15670
15674
15676
15677
15678
15679
15687
15693
15695
15698
15700
15701
15702
15707
15710
15718
15721
15728
15737
15740
15744
15755
15758
15761
15763
15774
15775
15776
15777
15778
15779
15783
15784
15785
15789
15791
15793
15795
15797
15801
15805
15807
15811
15823
15828
15834
15835
15839
15841
15845
15850
15852
15855
15863
15864
15866
15870
15876
15879
15880
15882
15885
15893
15896
15912
15913
15916
15922
15925
15926
15928
15931
15932
15939
15941
15943
15949
15951
15956
15958
15964
15966
15969
15981
15986
15988
15989
15995
15996
16001
16002
16005
16007
16012
16014
16016
16019
16022
16023
16024
16029
16031
16032
16034
16045
16051
16053
16057
16058
16063
16064
16065
16066
16068
16069
16072
16082
16084
16089
16090
16091
16093
16097
16098
16099
16103
16107
16109
16110
16111
16113
16114
16118
16119
16127
16129
16137
16139
16141
16142
16145
16149
16153
16155
16157
16161
16164
16167
16168
16173
16176
16183
16184
16185
16188
16189
16191
16192
16194
16195
16196
16206
16211
16214
16219
16231
16233
16236
16238
16241
16247
16248
16250
16251
16252
16253
16255
16256
16260
16263
16265
16270
16271
16272
16276
16277
16278
16284
16285
16297
16298
16311
16316
16317
16320
16325
16328
16338
16339
16340
16344
16345
16347
16348
16349
16350
16352
16353
16355
16357
16361
16363
16364
16365
16366
16371
16372
16373
16378
16380
16382
16384
16385
16386
16387
16388
16396
16405
16408
16413
16426
16441
16442
16463
16465
16466
16467
16472
16478
16480
16481
16483
16484
16486
16490
16491
16492
16496
16497
16498
16507
16510
16518
16519
16524
16534
16536
16544
16549
16557
16558
16559
16560
16561
16562
16563
16570
16572
16577
16590
16593
16594
16596
16608
16610
16611
16616
16624
16629
16640
16648
16656
16661
16670
16672
16675
16678
16679
16680
16681
16683
16684
16686
16690
16691
16692
16693
16694
16696
16697
16706
16709
16711
16715
16720
16722
16723
16731
16732
16733
16734
16739
16743
16744
16746
16764
16767
16768
16770
16771
16772
16774
16778
16788
16789
16790
16791
16792
16796
16797
16801
16806
16809
16810
16811
16812
16817
16819
16824
16831
16832
16835
16840
16841
16842
16843
16851
16856
16860
16861
16865
16868
16871
16872
16878
16880
16881
16882
16885
16887
16888
16895
16905
16909
16910
16911
16912
16922
16926
16927
16929
16930
16932
16934
16935
16944
16945
16947
16954
16957
16959
16967
16971
16977
16983
16986
16989
16994
16995
16996
16997
16998
16999
17005
17006
17011
17015
17020
17023
17024
17032
17038
17039
17041
17045
17046
17047
17050
17062
17066
17067
17070
17072
17073
17079
17081
17082
17087
17090
17104
17105
17110
17127
17128
17134
17138
17145
17147
17149
17150
17157
17158
17165
17166
17173
17174
17175
17199
17200
17202
17203
17213
17232
17233
17234
17235
17238
17239
17242
17245
17247
17254
17255
17257
17262
17264
17267
17270
17271
17272
17275
17277
17279
17284
17286
17287
17294
17298
17302
17306
17311
17314
17315
17318
17319
17320
17322
17324
17343
17344
17350
17352
17353
17355
17362
17363
17365
17368
17371
17374
17381
17383
17384
17388
17390
17391
17392
17396
17398
17399
17402
17403
17405
17412
17414
17415
17418
17420
17421
17429
17433
17434
17435
17443
17471
17475
17477
17478
17479
17481
17484
17485
17488
17490
17491
17492
17493
17495
17499
17509
17515
17518
17519
17521
17524
17525
17526
17533
17534
17536
17538
17540
17542
17544
17545
17551
17553
17554
17555
17558
17569
17570
17576
17577
17582
17583
17584
17594
17598
17603
17604
17606
17607
17608
17612
17614
17618
17619
17621
17622
17625
17627
17628
17629
17632
17639
17646
17651
17653
17668
17670
17673
17681
17683
17685
17687
17690
17691
17693
17694
17702
17703
17710
17711
17717
17719
17720
17723
17729
17732
17739
17741
17742
17745
17747
17750
17752
17753
17754
17768
17771
17780
17784
17792
17803
17805
17807
17808
17811
17812
17813
17815
17818
17821
17824
17830
17832
17834
17838
17842
17846
17848
17849
17850
17851
17855
17856
17858
17862
17879
17880
17886
17891
17900
17902
17906
17911
17912
17913
17914
17923
17927
17930
17931
17934
17935
17936
17939
17942
17953
17955
17957
17958
17967
17968
17989
17991
17998
18000
18002
18003
18004
18011
18018
18019
18027
18028
18032
18043
18047
18048
18049
18053
18080
18081
18082
18083
18084
18086
18091
18093
18094
18095
18096
18103
18107
18108
18111
18112
18113
18114
18115
18118
18119
18125
18126
18141
18145
18152
18153
18158
18161
18165
18166
18167
18169
18170
18171
18177
18180
18182
18183
18184
18186
18187
18190
18192
18193
18195
18204
18205
18210
18211
18215
18216
18217
18218
18222
18223
18229
18235
18236
18237
18238
18242
18250
18255
18260
18261
18262
18277
18278
18280
18282
18283
18297
18298
18300
18301
18302
18313
18315
18318
18320
18322
18323
18324
18328
18329
18332
18334
18338
18339
18340
18345
18352
18355
18356
18358
18363
18374
18381
18387
18388
18390
18391
18393
18398
18400
18411
18412
18415
18422
18425
18426
18429
18431
18432
18433
18434
18435
18439
18440
18441
18442
18443
18445
18447
18448
18455
18458
18459
18463
18466
18467
18469
18473
18474
18475
18478
18484
18489
18496
18497
18504
18505
18508
18514
18517
18520
18521
18533
18535
18539
18542
18546
18550
18553
18557
18559
18560
18561
18566
18568
18572
18581
18582
18586
18587
18589
18595
18602
18603
18607
18612
18613
18614
18615
18617
18618
18622
18623
18624
18634
18637
18642
18643
18644
18648
18649
18650
18653
18654
18657
18662
18667
18668
18677
18678
18680
18681
18682
18692
18694
18700
18701
18702
18703
18709
18710
18711
18714
18715
18717
18720
18725
18726
18728
18732
18733
18734
18735
18753
18755
18761
18764
18766
18787
18792
18793
18797
18799
18800
18802
18805
18806
18807
18808
18813
18816
18822
18831
18832
18833
18840
18842
18843
18845
18852
18855
18868
18871
18874
18878
18882
18883
18887
18901
18909
18939
18942
18944
18946
18954
18955
18956
18966
18967
18976
18978
18982
18986
18989
18990
18991
18993
19000
19001
19002
19003
19007
19009
19012
19013
19014
19023
19027
19033
19034
19036
19043
19044
19048
19049
19050
19067
19068
19069
19074
19082
19085
19088
19115
19124
19125
19126
19139
19145
19147
19149
19153
19162
19163
19168
19169
19172
19173
19174
19179
19185
19190
19192
19198
19201
19203
19205
19210
19211
19212
19230
19235
19242
19248
19251
19252
19258
19290
19305
19306
19314
19317
19318
19319
19327
19339
19356
19363
19368
19376
19395
19398
19404
19415
19416
19417
19421
19422
19424
19425
19431
19433
19436
19439
19444
19450
19474
19479
19486
19488
19508
19512
19516
19523
19526
19530
19536
19538
19539
19541
19542
19550
19552
19553
19554
19555
19556
19562
19568
19570
19579
19581
19582
19586
19593
19600
19602
19604
19605
19606
19607
19608
19613
19617
19619
19622
19625
19628
19632
19633
19637
19642
19646
19654
19660
19666
19667
19668
19670
19674
19679
19684
19687
19694
19699
19703
19707
19710
19713
19717
19719
19726
19727
19731
19732
19737
19738
19739
19747
19749
19750
19752
19755
19764
19766
19771
19773
19774
19775
19776
19778
19783
19788
19791
19792
19797
19798
19799
19800
19801
19806
19807
19809
19811
19822
19828
19833
19834
19842
19843
19845
19848
19849
19854
19856
19859
19860
19870
19872
19876
19879
19882
19893
19902
19904
19906
19910
19911
19913
19914
19915
19921
19922
19929
19938
19939
19941
19942
19943
19947
19948
19949
19953
19954
19961
19966
19970
19972
19973
19976
19982
19986
19987
19988
19996
19998
20074
25001
25002
25003
25005
25007
25008
25010
25018
25027
25031
25032
25036
25037
25038
25042
25047
25050
25061
25065
25066
25068
25069
25070
25071
25079
25081
25083
25085
25088
25098
25104
25109
25123
25124
25127
25130
25137
25139
25148
25149
25150
25151
25154
25156
25157
25158
25165
25167
25169
25171
25174
25177
25181
25186
25188
25192
25219
25221
25229
25230
25238
25240
25242
25250
25251
25259
25260
25266
25275
25277
25281
25288
25289
25294
25298
25299
25312
25324
25326
25343
25363
25366
25368
25370
25372
25376
25380
25381
25395
25397
25402
25404
25405
25411
25421
25423
25428
25433
25434
25435
25436
25439
25442
25443
25449
25451
25453
25459
25460
25461
25464
25465
25468
25476
25482
25487
25490
25491
25493
25496
25497
25498
25499
25502
25504
25505
25508
25509
25512
25513
25514
25515
25519
25527
25536
25540
25545
25548
25552
25556
25558
25559
25562
25564
25565
25573
25575
25576
25577
25584
25585
25588
25591
25592
25595
25598
25599
25602
25609
25611
25612
25613
25630
25632
25636
25639
25640
25642
25643
25649
25650
25656
25657
25658
25660
25662
25663
25664
25665
25667
25668
25675
25677
25684
25685
25688
25690
25691
25692
25693
25694
25700
25705
25706
25716
25718
25719
25722
25727
25732
25734
25735
25736
25740
25742
25744
25750
25753
25755
25757
25758
25761
25762
25766
25768
25776
25778
25789
25790
25791
25798
25801
25803
25806
25807
25816
25819
25821
25827
25828
25829
25833
25835
25836
25837
25839
25847
25849
25850
25852
25853
25854
25855
25859
25865
25866
25868
25870
25872
25874
25877
25883
25886
25887
25888
25899
25901
25905
25907
25909
25914
25918
25920
25923
25924
25927
25929
25930
25933
25935
25943
25945
25956
25959
25965
25967
25969
25970
25972
25975
25976
25979
25986
25987
25993
25994
25995
26002
26003
26004
26011
26016
26021
26022
26031
26035
26041
26042
26043
26045
26047
26052
26053
26054
26055
26059
26061
26062
26065
26066
26301
26321
26328
26329
26518
26541
26547
26553
26580
26586
26590
26599
26631
26640
26642
26705
26748
26753
26767
26771
26814
26832
26835
26836
26838
26847
26852
26866
26886
26914
26932
26933
26945
26989
27017
27022
27039
27079
27086
27094
27095
27133
27135
27158
27160
27190
27209
27262
27266
27285
27403
27404
27429
27430
27431
27459
27508
27571
27574
27587
27594
27693
27697
27729
27757
27771
27781
27814
27817
27818
27819
27820
27821
27838
27845
27893
27934
27968
27977
27981
28057
28058
28063
28097
28117
28139
30000
30002
30005
30009
30011
30017
30019
30023
30024
30028
30030
30031
30032
30033
30034
30039
30042
30063
30064
30065
30066
30067
30068
30070
30074
30079
30080
30081
30082
30083
30084
30085
30086
30087
30088
30091
30092
30093
30094
30099
30101
30110
30118
30123
30124
30126
30127
30133
30134
30135
30136
30138
30141
30142
30143
30144
30147
30149
30150
30154
30156
30157
30159
30160
30162
30164
30170
30171
30176
30178
30179
30186
30190
30192
30193
30194
30195
30196
30201
30205
30206
30209
30220
30221
30222
30225
30226
30231
30236
30237
30241
30243
30245
30247
30249
30256
30263
30271
30276
30281
30285
30286
30289
30290
30295
30296
30297
30300
30303
30304
30307
30313
30314
30315
30316
30317
30318
30319
30320
30321
30322
30325
30326
30330
30333
30334
30337
30340
30341
30344
30345
30348
30349
30353
30367
30368
30370
30372
30373
30374
30375
30376
30377
30378
30379
30388
30389
30390
30391
30397
30398
30399
30408
30409
30410
30416
30417
30419
30423
30424
30427
30428
30429
30430
30431
30432
30433
30437
30438
30440
30441
30442
30443
30444
30445
30451
30474
30475
30477
30479
30480
30481
30487
30488
30492
30493
30494
30501
30502
30503
30504
30505
30513
30514
30515
30516
30517
30518
30519
30520
30523
30524
30525
30527
30531
30537
30543
30550
30551
30553
30554
30557
30558
30559
30561
30569
30571
30572
30575
30579
30583
30584
30590
30591
30592
30593
30594
30598
30599
30600
30601
30603
30604
30605
30606
30608
30610
30611
30613
30623
30633
30638
30646
30647
30650
30652
30653
30655
30657
30672
30676
30677
30678
30679
30681
30684
30686
30687
30690
30693
30703
30704
30716
30718
30720
30721
30725
30727
30729
30737
30738
30739
30740
30747
30748
30749
30753
30755
30756
30757
30758
30760
30761
30763
30765
30767
30768
30773
30777
30778
30782
30783
30785
30786
30790
30791
30792
30796
30799
30800
30801
30802
30807
30808
30809
30810
30812
30814
30819
30821
30824
30826
30827
30832
30842
30854
30855
30856
30863
30864
30866
30867
30870
30871
30872
30880
30881
30882
30883
30885
30888
30889
30890
30891
30892
30893
30894
30901
30902
30903
30905
30908
30909
30910
30911
30912
30915
30916
30917
30918
30919
30926
30927
30928
30936
30937
30941
30943
30944
30950
30951
30952
30953
30954
30955
30956
30958
30959
30960
30969
30970
30974
30977
30985
30986
30993
30995
31004
31007
31010
31011
31014
31016
31017
31020
31026
31027
31030
31033
31034
31035
31039
31044
31045
31047
31054
31056
31057
31062
31063
31065
31069
31070
31073
31075
31079
31081
31083
31084
31085
31088
31092
31093
31096
31097
31098
31100
31101
31103
31107
31108
31111
31120
31126
31130
31134
31136
31137
31140
31151
31152
31156
31168
31169
31172
31173
31174
31175
31177
31180
31181
31182
31184
31185
31187
31199
31200
31212
31214
31215
31231
31236
31237
31261
31264
31287
34000
34001
34002
34003
34004
34005
34007
34008
34011
34012
34015
34018
34024
34027
34029
34037
34043
34044
34045
34046
34047
34048
34049
34050
34052
34055
34064
34067
34068
34069
34072
34074
34076
34077
34078
34079
34080
34085
34088
34089
34090
34091
34092
34094
34095
34103
34106
34108
34109
34112
34113
34114
34115
34120
34121
34122
34124
34126
34127
34132
34133
34139
34141
34142
34143
34144
34146
34149
34153
34160
34161
34163
34167
34169
34170
34172
34173
34175
34176
34178
34179
34180
34181
34182
34183
34184
34185
34187
34188
34189
34191
34193
34194
34195
34196
34200
34201
34202
34212
34216
34218
34223
34224
34225
34226
34234
34236
34239
34246
34256
34258
34260
34262
34268
34278
34279
34281
34282
34286
34288
34289
34290
34292
34294
34295
34298
34299
34304
34305
34307
34308
34314
34315
34316
34317
34325
34329
34334
34335
34336
34341
34345
34346
34351
34352
34354
34358
34359
34361
34362
34365
34371
34373
34376
34379
34381
34383
34384
34385
34392
34393
34401
34402
34406
34407
34408
34417
34421
34422
34423
34424
34425
34428
34430
34434
34437
34442
34443
34449
34451
34452
34453
34455
34457
34459
34463
34464
34466
34468
34469
34471
34472
34473
34474
34475
34478
34480
34485
34486
34488
34489
34490
34492
34496
34498
34504
34506
34507
34508
34509
34510
34511
34513
34514
34515
34518
34519
34520
34521
34522
34523
34527
34531
34532
34534
34536
34537
34538
34540
34544
34545
34546
34548
34554
34555
34556
34557
34560
34567
34568
34569
34570
34572
34574
34575
34577
34578
34585
34589
34598
34602
34606
34607
34608
34609
34610
34613
34614
34617
34618
34619
34621
34627
34628
34629
34630
34635
34636
34640
34641
34642
34643
34648
34650
34651
34652
34653
34656
34657
34661
34662
34663
34666
34675
34678
34680
34681
34682
34683
34686
34688
34691
34692
34693
34694
34695
34697
34698
34702
34705
34708
34709
34710
34711
34712
34713
34715
34718
34719
34724
34726
34727
34728
34731
34737
34738
34742
34743
34745
34746
34747
34748
34749
34750
34751
34752
34753
34754
34758
34760
34761
34765
34766
34771
34778
34779
34781
34782
34802
34804
34806
34807
34808
34811
34813
34816
34818
34822
34825
34826
34837
34865
34866
34868
34870
34883
34884
34887
34888
34889
34891
34893
34894
34908
34912
34913
34916
34920
34921
34926
34929
34940
34953
34965
34966
34968
34969
34970
34975
34977
34979
34982
34986
34988
34990
34992
34993
34994
35002
35007
36000
36001
36002
36004
36006
36007
36008
36011
36013
36017
36021
36027
36037
36045
36048
36049
36051
36055
36056
36057
36059
36060
36061
36064
36075
36080
36082
36085
36086
36097
36101
36102
36105
36109
36112
36114
36117
36122
36123
36129
36133
36136
36143
36154
36162
36163
36165
36171
36175
36176
36179
36180
36207
36226
36250
36251
36261
36264
36274
36280
36293
36294
36312
36320
36323
36324
36328
36332
36333
36334
36336
36337
36339
36340
36342
36345
36349
36350
36351
36353
36358
36361
36368
36403
36405
36406
36412
36413
36414
36419
36427
36447
36452
36457
36460
36461
36464
36471
36485
36489
36493
36513
36514
36515
36516
36521
36527
36528
36535
36546
36565
36582
36583
36589
36600
36630
36633
36634
36651
36652
36661
36675
36728
36759
36771
36799
50002
50011
50025
50027
50104
50106
50108
50135
50141
50151
50152
50157
50167
50211
50217
50250
50302
50308
50410
50518
50527
50528
50552
50563
50566
50761
51022
51054
51098
51101
51117
51257
51260
51488
51489
51620
51690
51702
51797
51836
51938
51989
52088
52209
52271
52351
52412
52469
52491
52587
52602
52603
52736
53330
53342
